5 CLIENTS, 5 ENTRIES, 3 RDxTR, 0 WRxTR, DURATION 4 s
Stopping...
4,82295,82295,100.0
3,82189,82189,100.0
1,82057,82057,100.0
5,82223,82223,100.0
2,82124,82124,100.0
Stopped

5 CLIENTS, 5 ENTRIES, 3 RDxTR, 1 WRxTR, DURATION 4 s
Stopping...
1,81306,43967,54.07595995375495
2,81224,43717,53.82276174529696
3,81129,43480,53.59365948058031
5,81426,44050,54.098199592267825
4,81122,43560,53.69690096398018
Stopped

5 CLIENTS, 5 ENTRIES, 3 RDxTR, 2 WRxTR, DURATION 4 s
Stopping...
3,79512,34621,43.541855317436365
1,79563,34651,43.55165089300303
5,79615,34650,43.52194938139798
4,79495,34648,43.58513114032329
2,79584,34673,43.567802573381584
Stopped

5 CLIENTS, 5 ENTRIES, 3 RDxTR, 3 WRxTR, DURATION 4 s
Stopping...
1,78101,30081,38.515511965275735
3,78190,30272,38.71594833098862
4,78116,30008,38.41466536945056
2,78159,29953,38.323161760002044
5,78189,30055,38.4389108442364
Stopped

5 CLIENTS, 5 ENTRIES, 3 RDxTR, 4 WRxTR, DURATION 4 s
Stopping...
1,76073,26838,35.27927122632209
4,76100,26730,35.124835742444155
3,76100,27037,35.52825229960578
2,76141,26930,35.36859247974153
5,76229,26964,35.372364848023715
Stopped

5 CLIENTS, 5 ENTRIES, 3 RDxTR, 10 WRxTR, DURATION 4 s
Stopping...
4,65417,18468,28.231193726401393
2,65380,18391,28.129397369226062
3,65314,18257,27.952659460452583
1,65399,18103,27.68085138916497
5,65477,18388,28.083143699314263
Stopped

5 CLIENTS, 5 ENTRIES, 3 RDxTR, 100 WRxTR, DURATION 4 s
Stopping...
4,24714,6454,26.114752771708343
5,24707,6524,26.40547213340349
2,24745,6545,26.44978783592645
1,24701,6494,26.29043358568479
3,24416,5843,23.931028833551768
Stopped

5 CLIENTS, 5 ENTRIES, 3 RDxTR, 1000 WRxTR, DURATION 4 s
Stopping...
4,3945,937,23.751584283903675
3,3977,1000,25.144581342720645
1,3973,960,24.16310093128618
5,3969,1036,26.102292768959437
2,3941,861,21.847246891651864
Stopped

5 CLIENTS, 5 ENTRIES, 3 RDxTR, 1000 WRxTR, DURATION 4 s
Stopping...
3,3831,948,24.745497259201255
2,3855,934,24.228274967574578
5,3869,953,24.631687774618765
1,3844,1002,26.06659729448491
4,3819,887,23.22597538622676
Stopped

5 CLIENTS, 5 ENTRIES, 3 RDxTR, 1000 WRxTR, DURATION 4 s
Stopping...
1,3895,970,24.90372272143774
3,3893,937,24.06884151040329
5,3888,928,23.868312757201647
2,3888,978,25.15432098765432
4,3911,965,24.67399642035285
Stopped

