5 CLIENTS, 5 ENTRIES, 0 RDxTR, 3 WRxTR, DURATION 4 s
Stopping...
2,193066,193066,100.0
3,193125,193125,100.0
1,193049,193049,100.0
5,193155,193155,100.0
4,193219,193219,100.0
Stopped

5 CLIENTS, 5 ENTRIES, 1 RDxTR, 3 WRxTR, DURATION 4 s
Stopping...
5,120066,65230,54.32845268435694
2,119967,65076,54.24491735227188
3,120202,65311,54.33437047636479
4,120161,65181,54.24472166509933
1,120118,65045,54.150918263707354
Stopped

5 CLIENTS, 5 ENTRIES, 2 RDxTR, 3 WRxTR, DURATION 4 s
Stopping...
4,94400,41310,43.76059322033898
2,94325,41127,43.601378213623114
3,94433,41387,43.826840193576395
1,94358,41202,43.665613938404796
5,94308,41195,43.681341985833654
Stopped

5 CLIENTS, 5 ENTRIES, 3 RDxTR, 3 WRxTR, DURATION 4 s
Stopping...
1,77650,29768,38.33612363168062
3,77712,30195,38.85500308832613
2,77699,29876,38.450945314611516
4,77632,29819,38.41070692497939
5,77631,29711,38.27208202908632
Stopped

5 CLIENTS, 5 ENTRIES, 4 RDxTR, 3 WRxTR, DURATION 4 s
Stopping...
2,66850,23625,35.340314136125656
5,66881,23591,35.273096993166966
1,66877,23738,35.4950132332491
4,66931,23644,35.32593267693595
3,66725,23446,35.13825402772574
Stopped

5 CLIENTS, 5 ENTRIES, 5 RDxTR, 3 WRxTR, DURATION 4 s
Stopping...
3,59822,19719,32.96278960917388
2,59746,19673,32.927727379238775
5,59899,20021,33.424598073423596
4,59810,19569,32.718608928272864
1,59859,19904,33.25147429793348
Stopped

5 CLIENTS, 5 ENTRIES, 10 RDxTR, 3 WRxTR, DURATION 4 s
Stopping...
5,38479,10488,27.256425582785415
2,38454,10593,27.547199251053208
4,38357,10458,27.26490601454754
3,38374,10334,26.929691978944078
1,38477,10697,27.80102398835668
Stopped

5 CLIENTS, 5 ENTRIES, 100 RDxTR, 3 WRxTR, DURATION 4 s
Stopping...
5,5729,1301,22.709024262524
3,5746,1205,20.971110337626175
1,5731,1279,22.317222125283546
2,5736,1320,23.01255230125523
4,5743,1358,23.646177955772245
Stopped

5 CLIENTS, 5 ENTRIES, 1000 RDxTR, 3 WRxTR, DURATION 4 s
Stopping...
1,605,134,22.14876033057851
2,603,134,22.22222222222222
3,603,104,17.24709784411277
4,607,142,23.393739703459637
5,606,156,25.742574257425744
Stopped

5 CLIENTS, 5 ENTRIES, 10000 RDxTR, 3 WRxTR, DURATION 4 s
Stopping...
4,20,4,20.0
1,21,5,23.80952380952381
2,21,3,14.285714285714286
5,20,10,50.0
3,21,0,0.0
Stopped

