5 CLIENTS, 1 ENTRIES, 3 RDxTR, 3 WRxTR, DURATION 4 s
Stopping...
3,104564,57262,54.76263341111664
4,104716,57386,54.80155850108866
1,104855,57869,55.18954747031615
2,104586,57267,54.755894670414776
5,104845,57462,54.806619295149986
Stopped

5 CLIENTS, 2 ENTRIES, 3 RDxTR, 3 WRxTR, DURATION 4 s
Stopping...
3,92820,37334,40.22193492781728
1,92948,37114,39.929853251280285
4,93057,37127,39.89705234426212
5,93018,36999,39.776172353737984
2,92838,37317,40.19582498545854
Stopped

5 CLIENTS, 3 ENTRIES, 3 RDxTR, 3 WRxTR, DURATION 4 s
Stopping...
4,86520,32021,37.00993989828941
5,86596,32313,37.31465656612315
2,86540,32137,37.135428703489715
1,86535,31766,36.70884613162304
3,86530,32021,37.005662775915866
Stopped

5 CLIENTS, 4 ENTRIES, 3 RDxTR, 3 WRxTR, DURATION 4 s
Stopping...
5,82651,30817,37.28569527289446
1,82558,30734,37.22716151069551
3,82409,30744,37.30660486111954
4,82541,30951,37.49772840164282
2,82573,30985,37.524372373536146
Stopped

5 CLIENTS, 5 ENTRIES, 3 RDxTR, 3 WRxTR, DURATION 4 s
Stopping...
4,79553,30785,38.697472125501235
3,79408,30789,38.773171468869634
1,79419,30647,38.58900263161208
5,79485,30883,38.85387179971064
2,79370,30580,38.52841123850321
Stopped

5 CLIENTS, 10 ENTRIES, 3 RDxTR, 3 WRxTR, DURATION 4 s
Stopping...
3,73676,34010,46.161572289483686
1,73733,33962,46.06078689324997
4,73774,34234,46.40388212649443
5,73750,34523,46.81084745762712
2,73752,34165,46.324167480203926
Stopped

5 CLIENTS, 20 ENTRIES, 3 RDxTR, 3 WRxTR, DURATION 4 s
Stopping...
4,72906,42326,58.05557841604258
5,72770,42128,57.89198845678164
3,72819,42026,57.712959529793046
2,72973,42300,57.96664519753882
1,73023,41938,57.43122030045328
Stopped

5 CLIENTS, 50 ENTRIES, 3 RDxTR, 3 WRxTR, DURATION 4 s
Stopping...
2,74191,54979,74.10467576929817
4,74234,54805,73.82735673680524
3,74205,54832,73.89259483862273
5,74204,55073,74.21837097730581
1,74365,54992,73.94876622066832
Stopped

5 CLIENTS, 100 ENTRIES, 3 RDxTR, 3 WRxTR, DURATION 4 s
Stopping...
5,71540,60040,83.9250768800671
1,71405,59695,83.60058819410405
3,71341,59699,83.68119314279306
2,71424,59748,83.65255376344086
4,71508,59832,83.67175700620909
Stopped

5 CLIENTS, 1000 ENTRIES, 3 RDxTR, 3 WRxTR, DURATION 4 s
Stopping...
4,67360,66069,98.083432304038
3,67393,66008,97.94489041888623
5,67480,66173,98.06312981624185
1,67345,66087,98.13200683049966
2,67382,66111,98.11373957436705
Stopped

5 CLIENTS, 10000 ENTRIES, 3 RDxTR, 3 WRxTR, DURATION 4 s
Stopping...
4,35507,35467,99.88734615709578
2,35589,35550,99.8904155778471
1,35537,35500,99.89588316402623
3,35580,35541,99.89038785834738
5,35564,35523,99.88471488021595
Stopped